{
 "cells": [
  {
   "cell_type": "code",
   "execution_count": 31,
   "id": "08cf51d6-0112-4725-9de7-7c499e595965",
   "metadata": {},
   "outputs": [],
   "source": [
    "import pandas as pd \n",
    "import numpy as np \n",
    "import seaborn as sns \n",
    "import matplotlib.pyplot as plt\n",
    "import plotly.express as px "
   ]
  },
  {
   "cell_type": "code",
   "execution_count": 32,
   "id": "f745a3d0-f853-4f6e-9c0e-2f082770aadf",
   "metadata": {},
   "outputs": [],
   "source": [
    "df = sns.load_dataset('titanic')"
   ]
  },
  {
   "cell_type": "code",
   "execution_count": 34,
   "id": "ba519ecb-1a23-40ab-9643-2dba7d20ee9a",
   "metadata": {},
   "outputs": [
    {
     "name": "stdout",
     "output_type": "stream",
     "text": [
      "<class 'pandas.core.frame.DataFrame'>\n",
      "RangeIndex: 891 entries, 0 to 890\n",
      "Data columns (total 15 columns):\n",
      " #   Column       Non-Null Count  Dtype   \n",
      "---  ------       --------------  -----   \n",
      " 0   survived     891 non-null    int64   \n",
      " 1   pclass       891 non-null    int64   \n",
      " 2   sex          891 non-null    object  \n",
      " 3   age          714 non-null    float64 \n",
      " 4   sibsp        891 non-null    int64   \n",
      " 5   parch        891 non-null    int64   \n",
      " 6   fare         891 non-null    float64 \n",
      " 7   embarked     889 non-null    object  \n",
      " 8   class        891 non-null    category\n",
      " 9   who          891 non-null    object  \n",
      " 10  adult_male   891 non-null    bool    \n",
      " 11  deck         203 non-null    category\n",
      " 12  embark_town  889 non-null    object  \n",
      " 13  alive        891 non-null    object  \n",
      " 14  alone        891 non-null    bool    \n",
      "dtypes: bool(2), category(2), float64(2), int64(4), object(5)\n",
      "memory usage: 80.7+ KB\n"
     ]
    }
   ],
   "source": [
    "df.info()"
   ]
  },
  {
   "cell_type": "code",
   "execution_count": 35,
   "id": "d7ed6b16-5a7c-4248-b792-f444a7d25c31",
   "metadata": {},
   "outputs": [
    {
     "data": {
      "text/plain": [
       "survived         0\n",
       "pclass           0\n",
       "sex              0\n",
       "age            177\n",
       "sibsp            0\n",
       "parch            0\n",
       "fare             0\n",
       "embarked         2\n",
       "class            0\n",
       "who              0\n",
       "adult_male       0\n",
       "deck           688\n",
       "embark_town      2\n",
       "alive            0\n",
       "alone            0\n",
       "dtype: int64"
      ]
     },
     "execution_count": 35,
     "metadata": {},
     "output_type": "execute_result"
    }
   ],
   "source": [
    "df.isnull().sum()"
   ]
  },
  {
   "cell_type": "code",
   "execution_count": 37,
   "id": "26f3df1d-e681-49c5-869f-a4a20be0e88a",
   "metadata": {},
   "outputs": [],
   "source": [
    "df.drop(['deck'] , axis = 1 , inplace = True  )"
   ]
  },
  {
   "cell_type": "code",
   "execution_count": 45,
   "id": "23b60ce8-74c1-4bfe-a53b-d41cea3e637e",
   "metadata": {},
   "outputs": [
    {
     "data": {
      "text/html": [
       "<div>\n",
       "<style scoped>\n",
       "    .dataframe tbody tr th:only-of-type {\n",
       "        vertical-align: middle;\n",
       "    }\n",
       "\n",
       "    .dataframe tbody tr th {\n",
       "        vertical-align: top;\n",
       "    }\n",
       "\n",
       "    .dataframe thead th {\n",
       "        text-align: right;\n",
       "    }\n",
       "</style>\n",
       "<table border=\"1\" class=\"dataframe\">\n",
       "  <thead>\n",
       "    <tr style=\"text-align: right;\">\n",
       "      <th></th>\n",
       "      <th>survived</th>\n",
       "      <th>pclass</th>\n",
       "      <th>sex</th>\n",
       "      <th>age</th>\n",
       "      <th>sibsp</th>\n",
       "      <th>parch</th>\n",
       "      <th>fare</th>\n",
       "      <th>embarked</th>\n",
       "      <th>class</th>\n",
       "      <th>who</th>\n",
       "      <th>adult_male</th>\n",
       "      <th>embark_town</th>\n",
       "      <th>alive</th>\n",
       "      <th>alone</th>\n",
       "    </tr>\n",
       "  </thead>\n",
       "  <tbody>\n",
       "    <tr>\n",
       "      <th>0</th>\n",
       "      <td>0</td>\n",
       "      <td>3</td>\n",
       "      <td>male</td>\n",
       "      <td>22.0</td>\n",
       "      <td>1</td>\n",
       "      <td>0</td>\n",
       "      <td>7.2500</td>\n",
       "      <td>S</td>\n",
       "      <td>Third</td>\n",
       "      <td>man</td>\n",
       "      <td>True</td>\n",
       "      <td>Southampton</td>\n",
       "      <td>no</td>\n",
       "      <td>False</td>\n",
       "    </tr>\n",
       "    <tr>\n",
       "      <th>1</th>\n",
       "      <td>1</td>\n",
       "      <td>1</td>\n",
       "      <td>female</td>\n",
       "      <td>38.0</td>\n",
       "      <td>1</td>\n",
       "      <td>0</td>\n",
       "      <td>71.2833</td>\n",
       "      <td>C</td>\n",
       "      <td>First</td>\n",
       "      <td>woman</td>\n",
       "      <td>False</td>\n",
       "      <td>Cherbourg</td>\n",
       "      <td>yes</td>\n",
       "      <td>False</td>\n",
       "    </tr>\n",
       "    <tr>\n",
       "      <th>2</th>\n",
       "      <td>1</td>\n",
       "      <td>3</td>\n",
       "      <td>female</td>\n",
       "      <td>26.0</td>\n",
       "      <td>0</td>\n",
       "      <td>0</td>\n",
       "      <td>7.9250</td>\n",
       "      <td>S</td>\n",
       "      <td>Third</td>\n",
       "      <td>woman</td>\n",
       "      <td>False</td>\n",
       "      <td>Southampton</td>\n",
       "      <td>yes</td>\n",
       "      <td>True</td>\n",
       "    </tr>\n",
       "    <tr>\n",
       "      <th>3</th>\n",
       "      <td>1</td>\n",
       "      <td>1</td>\n",
       "      <td>female</td>\n",
       "      <td>35.0</td>\n",
       "      <td>1</td>\n",
       "      <td>0</td>\n",
       "      <td>53.1000</td>\n",
       "      <td>S</td>\n",
       "      <td>First</td>\n",
       "      <td>woman</td>\n",
       "      <td>False</td>\n",
       "      <td>Southampton</td>\n",
       "      <td>yes</td>\n",
       "      <td>False</td>\n",
       "    </tr>\n",
       "    <tr>\n",
       "      <th>4</th>\n",
       "      <td>0</td>\n",
       "      <td>3</td>\n",
       "      <td>male</td>\n",
       "      <td>35.0</td>\n",
       "      <td>0</td>\n",
       "      <td>0</td>\n",
       "      <td>8.0500</td>\n",
       "      <td>S</td>\n",
       "      <td>Third</td>\n",
       "      <td>man</td>\n",
       "      <td>True</td>\n",
       "      <td>Southampton</td>\n",
       "      <td>no</td>\n",
       "      <td>True</td>\n",
       "    </tr>\n",
       "    <tr>\n",
       "      <th>...</th>\n",
       "      <td>...</td>\n",
       "      <td>...</td>\n",
       "      <td>...</td>\n",
       "      <td>...</td>\n",
       "      <td>...</td>\n",
       "      <td>...</td>\n",
       "      <td>...</td>\n",
       "      <td>...</td>\n",
       "      <td>...</td>\n",
       "      <td>...</td>\n",
       "      <td>...</td>\n",
       "      <td>...</td>\n",
       "      <td>...</td>\n",
       "      <td>...</td>\n",
       "    </tr>\n",
       "    <tr>\n",
       "      <th>886</th>\n",
       "      <td>0</td>\n",
       "      <td>2</td>\n",
       "      <td>male</td>\n",
       "      <td>27.0</td>\n",
       "      <td>0</td>\n",
       "      <td>0</td>\n",
       "      <td>13.0000</td>\n",
       "      <td>S</td>\n",
       "      <td>Second</td>\n",
       "      <td>man</td>\n",
       "      <td>True</td>\n",
       "      <td>Southampton</td>\n",
       "      <td>no</td>\n",
       "      <td>True</td>\n",
       "    </tr>\n",
       "    <tr>\n",
       "      <th>887</th>\n",
       "      <td>1</td>\n",
       "      <td>1</td>\n",
       "      <td>female</td>\n",
       "      <td>19.0</td>\n",
       "      <td>0</td>\n",
       "      <td>0</td>\n",
       "      <td>30.0000</td>\n",
       "      <td>S</td>\n",
       "      <td>First</td>\n",
       "      <td>woman</td>\n",
       "      <td>False</td>\n",
       "      <td>Southampton</td>\n",
       "      <td>yes</td>\n",
       "      <td>True</td>\n",
       "    </tr>\n",
       "    <tr>\n",
       "      <th>888</th>\n",
       "      <td>0</td>\n",
       "      <td>3</td>\n",
       "      <td>female</td>\n",
       "      <td>NaN</td>\n",
       "      <td>1</td>\n",
       "      <td>2</td>\n",
       "      <td>23.4500</td>\n",
       "      <td>S</td>\n",
       "      <td>Third</td>\n",
       "      <td>woman</td>\n",
       "      <td>False</td>\n",
       "      <td>Southampton</td>\n",
       "      <td>no</td>\n",
       "      <td>False</td>\n",
       "    </tr>\n",
       "    <tr>\n",
       "      <th>889</th>\n",
       "      <td>1</td>\n",
       "      <td>1</td>\n",
       "      <td>male</td>\n",
       "      <td>26.0</td>\n",
       "      <td>0</td>\n",
       "      <td>0</td>\n",
       "      <td>30.0000</td>\n",
       "      <td>C</td>\n",
       "      <td>First</td>\n",
       "      <td>man</td>\n",
       "      <td>True</td>\n",
       "      <td>Cherbourg</td>\n",
       "      <td>yes</td>\n",
       "      <td>True</td>\n",
       "    </tr>\n",
       "    <tr>\n",
       "      <th>890</th>\n",
       "      <td>0</td>\n",
       "      <td>3</td>\n",
       "      <td>male</td>\n",
       "      <td>32.0</td>\n",
       "      <td>0</td>\n",
       "      <td>0</td>\n",
       "      <td>7.7500</td>\n",
       "      <td>Q</td>\n",
       "      <td>Third</td>\n",
       "      <td>man</td>\n",
       "      <td>True</td>\n",
       "      <td>Queenstown</td>\n",
       "      <td>no</td>\n",
       "      <td>True</td>\n",
       "    </tr>\n",
       "  </tbody>\n",
       "</table>\n",
       "<p>891 rows × 14 columns</p>\n",
       "</div>"
      ],
      "text/plain": [
       "     survived  pclass     sex   age  sibsp  parch     fare embarked   class  \\\n",
       "0           0       3    male  22.0      1      0   7.2500        S   Third   \n",
       "1           1       1  female  38.0      1      0  71.2833        C   First   \n",
       "2           1       3  female  26.0      0      0   7.9250        S   Third   \n",
       "3           1       1  female  35.0      1      0  53.1000        S   First   \n",
       "4           0       3    male  35.0      0      0   8.0500        S   Third   \n",
       "..        ...     ...     ...   ...    ...    ...      ...      ...     ...   \n",
       "886         0       2    male  27.0      0      0  13.0000        S  Second   \n",
       "887         1       1  female  19.0      0      0  30.0000        S   First   \n",
       "888         0       3  female   NaN      1      2  23.4500        S   Third   \n",
       "889         1       1    male  26.0      0      0  30.0000        C   First   \n",
       "890         0       3    male  32.0      0      0   7.7500        Q   Third   \n",
       "\n",
       "       who  adult_male  embark_town alive  alone  \n",
       "0      man        True  Southampton    no  False  \n",
       "1    woman       False    Cherbourg   yes  False  \n",
       "2    woman       False  Southampton   yes   True  \n",
       "3    woman       False  Southampton   yes  False  \n",
       "4      man        True  Southampton    no   True  \n",
       "..     ...         ...          ...   ...    ...  \n",
       "886    man        True  Southampton    no   True  \n",
       "887  woman       False  Southampton   yes   True  \n",
       "888  woman       False  Southampton    no  False  \n",
       "889    man        True    Cherbourg   yes   True  \n",
       "890    man        True   Queenstown    no   True  \n",
       "\n",
       "[891 rows x 14 columns]"
      ]
     },
     "execution_count": 45,
     "metadata": {},
     "output_type": "execute_result"
    }
   ],
   "source": [
    "df"
   ]
  },
  {
   "cell_type": "code",
   "execution_count": 48,
   "id": "b0bff61f-37fd-4249-a002-56f68715cbed",
   "metadata": {},
   "outputs": [
    {
     "data": {
      "text/html": [
       "<div>\n",
       "<style scoped>\n",
       "    .dataframe tbody tr th:only-of-type {\n",
       "        vertical-align: middle;\n",
       "    }\n",
       "\n",
       "    .dataframe tbody tr th {\n",
       "        vertical-align: top;\n",
       "    }\n",
       "\n",
       "    .dataframe thead th {\n",
       "        text-align: right;\n",
       "    }\n",
       "</style>\n",
       "<table border=\"1\" class=\"dataframe\">\n",
       "  <thead>\n",
       "    <tr style=\"text-align: right;\">\n",
       "      <th></th>\n",
       "      <th>survived</th>\n",
       "      <th>pclass</th>\n",
       "      <th>sex</th>\n",
       "      <th>age</th>\n",
       "      <th>sibsp</th>\n",
       "      <th>parch</th>\n",
       "      <th>fare</th>\n",
       "      <th>embarked</th>\n",
       "      <th>class</th>\n",
       "      <th>who</th>\n",
       "      <th>adult_male</th>\n",
       "      <th>embark_town</th>\n",
       "      <th>alive</th>\n",
       "      <th>alone</th>\n",
       "    </tr>\n",
       "  </thead>\n",
       "  <tbody>\n",
       "    <tr>\n",
       "      <th>0</th>\n",
       "      <td>0</td>\n",
       "      <td>3</td>\n",
       "      <td>male</td>\n",
       "      <td>22.0</td>\n",
       "      <td>1</td>\n",
       "      <td>0</td>\n",
       "      <td>7.2500</td>\n",
       "      <td>S</td>\n",
       "      <td>Third</td>\n",
       "      <td>man</td>\n",
       "      <td>True</td>\n",
       "      <td>Southampton</td>\n",
       "      <td>no</td>\n",
       "      <td>False</td>\n",
       "    </tr>\n",
       "    <tr>\n",
       "      <th>1</th>\n",
       "      <td>1</td>\n",
       "      <td>1</td>\n",
       "      <td>female</td>\n",
       "      <td>38.0</td>\n",
       "      <td>1</td>\n",
       "      <td>0</td>\n",
       "      <td>71.2833</td>\n",
       "      <td>C</td>\n",
       "      <td>First</td>\n",
       "      <td>woman</td>\n",
       "      <td>False</td>\n",
       "      <td>Cherbourg</td>\n",
       "      <td>yes</td>\n",
       "      <td>False</td>\n",
       "    </tr>\n",
       "    <tr>\n",
       "      <th>2</th>\n",
       "      <td>1</td>\n",
       "      <td>3</td>\n",
       "      <td>female</td>\n",
       "      <td>26.0</td>\n",
       "      <td>0</td>\n",
       "      <td>0</td>\n",
       "      <td>7.9250</td>\n",
       "      <td>S</td>\n",
       "      <td>Third</td>\n",
       "      <td>woman</td>\n",
       "      <td>False</td>\n",
       "      <td>Southampton</td>\n",
       "      <td>yes</td>\n",
       "      <td>True</td>\n",
       "    </tr>\n",
       "    <tr>\n",
       "      <th>3</th>\n",
       "      <td>1</td>\n",
       "      <td>1</td>\n",
       "      <td>female</td>\n",
       "      <td>35.0</td>\n",
       "      <td>1</td>\n",
       "      <td>0</td>\n",
       "      <td>53.1000</td>\n",
       "      <td>S</td>\n",
       "      <td>First</td>\n",
       "      <td>woman</td>\n",
       "      <td>False</td>\n",
       "      <td>Southampton</td>\n",
       "      <td>yes</td>\n",
       "      <td>False</td>\n",
       "    </tr>\n",
       "    <tr>\n",
       "      <th>4</th>\n",
       "      <td>0</td>\n",
       "      <td>3</td>\n",
       "      <td>male</td>\n",
       "      <td>35.0</td>\n",
       "      <td>0</td>\n",
       "      <td>0</td>\n",
       "      <td>8.0500</td>\n",
       "      <td>S</td>\n",
       "      <td>Third</td>\n",
       "      <td>man</td>\n",
       "      <td>True</td>\n",
       "      <td>Southampton</td>\n",
       "      <td>no</td>\n",
       "      <td>True</td>\n",
       "    </tr>\n",
       "    <tr>\n",
       "      <th>...</th>\n",
       "      <td>...</td>\n",
       "      <td>...</td>\n",
       "      <td>...</td>\n",
       "      <td>...</td>\n",
       "      <td>...</td>\n",
       "      <td>...</td>\n",
       "      <td>...</td>\n",
       "      <td>...</td>\n",
       "      <td>...</td>\n",
       "      <td>...</td>\n",
       "      <td>...</td>\n",
       "      <td>...</td>\n",
       "      <td>...</td>\n",
       "      <td>...</td>\n",
       "    </tr>\n",
       "    <tr>\n",
       "      <th>885</th>\n",
       "      <td>0</td>\n",
       "      <td>3</td>\n",
       "      <td>female</td>\n",
       "      <td>39.0</td>\n",
       "      <td>0</td>\n",
       "      <td>5</td>\n",
       "      <td>29.1250</td>\n",
       "      <td>Q</td>\n",
       "      <td>Third</td>\n",
       "      <td>woman</td>\n",
       "      <td>False</td>\n",
       "      <td>Queenstown</td>\n",
       "      <td>no</td>\n",
       "      <td>False</td>\n",
       "    </tr>\n",
       "    <tr>\n",
       "      <th>886</th>\n",
       "      <td>0</td>\n",
       "      <td>2</td>\n",
       "      <td>male</td>\n",
       "      <td>27.0</td>\n",
       "      <td>0</td>\n",
       "      <td>0</td>\n",
       "      <td>13.0000</td>\n",
       "      <td>S</td>\n",
       "      <td>Second</td>\n",
       "      <td>man</td>\n",
       "      <td>True</td>\n",
       "      <td>Southampton</td>\n",
       "      <td>no</td>\n",
       "      <td>True</td>\n",
       "    </tr>\n",
       "    <tr>\n",
       "      <th>887</th>\n",
       "      <td>1</td>\n",
       "      <td>1</td>\n",
       "      <td>female</td>\n",
       "      <td>19.0</td>\n",
       "      <td>0</td>\n",
       "      <td>0</td>\n",
       "      <td>30.0000</td>\n",
       "      <td>S</td>\n",
       "      <td>First</td>\n",
       "      <td>woman</td>\n",
       "      <td>False</td>\n",
       "      <td>Southampton</td>\n",
       "      <td>yes</td>\n",
       "      <td>True</td>\n",
       "    </tr>\n",
       "    <tr>\n",
       "      <th>889</th>\n",
       "      <td>1</td>\n",
       "      <td>1</td>\n",
       "      <td>male</td>\n",
       "      <td>26.0</td>\n",
       "      <td>0</td>\n",
       "      <td>0</td>\n",
       "      <td>30.0000</td>\n",
       "      <td>C</td>\n",
       "      <td>First</td>\n",
       "      <td>man</td>\n",
       "      <td>True</td>\n",
       "      <td>Cherbourg</td>\n",
       "      <td>yes</td>\n",
       "      <td>True</td>\n",
       "    </tr>\n",
       "    <tr>\n",
       "      <th>890</th>\n",
       "      <td>0</td>\n",
       "      <td>3</td>\n",
       "      <td>male</td>\n",
       "      <td>32.0</td>\n",
       "      <td>0</td>\n",
       "      <td>0</td>\n",
       "      <td>7.7500</td>\n",
       "      <td>Q</td>\n",
       "      <td>Third</td>\n",
       "      <td>man</td>\n",
       "      <td>True</td>\n",
       "      <td>Queenstown</td>\n",
       "      <td>no</td>\n",
       "      <td>True</td>\n",
       "    </tr>\n",
       "  </tbody>\n",
       "</table>\n",
       "<p>712 rows × 14 columns</p>\n",
       "</div>"
      ],
      "text/plain": [
       "     survived  pclass     sex   age  sibsp  parch     fare embarked   class  \\\n",
       "0           0       3    male  22.0      1      0   7.2500        S   Third   \n",
       "1           1       1  female  38.0      1      0  71.2833        C   First   \n",
       "2           1       3  female  26.0      0      0   7.9250        S   Third   \n",
       "3           1       1  female  35.0      1      0  53.1000        S   First   \n",
       "4           0       3    male  35.0      0      0   8.0500        S   Third   \n",
       "..        ...     ...     ...   ...    ...    ...      ...      ...     ...   \n",
       "885         0       3  female  39.0      0      5  29.1250        Q   Third   \n",
       "886         0       2    male  27.0      0      0  13.0000        S  Second   \n",
       "887         1       1  female  19.0      0      0  30.0000        S   First   \n",
       "889         1       1    male  26.0      0      0  30.0000        C   First   \n",
       "890         0       3    male  32.0      0      0   7.7500        Q   Third   \n",
       "\n",
       "       who  adult_male  embark_town alive  alone  \n",
       "0      man        True  Southampton    no  False  \n",
       "1    woman       False    Cherbourg   yes  False  \n",
       "2    woman       False  Southampton   yes   True  \n",
       "3    woman       False  Southampton   yes  False  \n",
       "4      man        True  Southampton    no   True  \n",
       "..     ...         ...          ...   ...    ...  \n",
       "885  woman       False   Queenstown    no  False  \n",
       "886    man        True  Southampton    no   True  \n",
       "887  woman       False  Southampton   yes   True  \n",
       "889    man        True    Cherbourg   yes   True  \n",
       "890    man        True   Queenstown    no   True  \n",
       "\n",
       "[712 rows x 14 columns]"
      ]
     },
     "execution_count": 48,
     "metadata": {},
     "output_type": "execute_result"
    }
   ],
   "source": [
    "df.dropna( axis = 0 )"
   ]
  },
  {
   "cell_type": "code",
   "execution_count": 53,
   "id": "1a06aaed-5c84-485a-84c3-fcdb52346916",
   "metadata": {},
   "outputs": [],
   "source": [
    "df.dropna(subset = ['embarked'] , axis = 0 , inplace = True  )"
   ]
  },
  {
   "cell_type": "code",
   "execution_count": 55,
   "id": "109ffc9e-7d40-43ff-b436-319acb3f1206",
   "metadata": {},
   "outputs": [],
   "source": [
    "df['age'] = df['age'].fillna(df['age'].median())"
   ]
  },
  {
   "cell_type": "code",
   "execution_count": 57,
   "id": "9007831a-eecd-4608-bbbf-aefdde780cd1",
   "metadata": {},
   "outputs": [
    {
     "name": "stdout",
     "output_type": "stream",
     "text": [
      "<class 'pandas.core.frame.DataFrame'>\n",
      "Index: 889 entries, 0 to 890\n",
      "Data columns (total 14 columns):\n",
      " #   Column       Non-Null Count  Dtype   \n",
      "---  ------       --------------  -----   \n",
      " 0   survived     889 non-null    int64   \n",
      " 1   pclass       889 non-null    int64   \n",
      " 2   sex          889 non-null    object  \n",
      " 3   age          889 non-null    float64 \n",
      " 4   sibsp        889 non-null    int64   \n",
      " 5   parch        889 non-null    int64   \n",
      " 6   fare         889 non-null    float64 \n",
      " 7   embarked     889 non-null    object  \n",
      " 8   class        889 non-null    category\n",
      " 9   who          889 non-null    object  \n",
      " 10  adult_male   889 non-null    bool    \n",
      " 11  embark_town  889 non-null    object  \n",
      " 12  alive        889 non-null    object  \n",
      " 13  alone        889 non-null    bool    \n",
      "dtypes: bool(2), category(1), float64(2), int64(4), object(5)\n",
      "memory usage: 86.1+ KB\n"
     ]
    }
   ],
   "source": [
    "df.info()"
   ]
  },
  {
   "cell_type": "code",
   "execution_count": 59,
   "id": "057c3a21-e778-4043-897b-9afc48dca4cc",
   "metadata": {},
   "outputs": [],
   "source": [
    "from sklearn.preprocessing import OneHotEncoder\n",
    "from sklearn.linear_model import LogisticRegression\n",
    "from sklearn.decomposition import PCA"
   ]
  },
  {
   "cell_type": "code",
   "execution_count": 61,
   "id": "e0aac404-7d35-4c1d-8bb8-83451491b54d",
   "metadata": {},
   "outputs": [],
   "source": [
    "df.drop(['alive'] , axis = 1 , inplace = True )"
   ]
  },
  {
   "cell_type": "code",
   "execution_count": 65,
   "id": "a13fbfda-8080-4034-8f1f-5f9d6a605ce5",
   "metadata": {},
   "outputs": [],
   "source": [
    "df.reset_index(inplace = True , drop = True )"
   ]
  },
  {
   "cell_type": "code",
   "execution_count": 70,
   "id": "3db6f459-3392-4d2e-9d00-9bfc62c4da0c",
   "metadata": {},
   "outputs": [],
   "source": [
    "ohe = OneHotEncoder(sparse_output=False , drop = 'first')\n",
    "\n",
    "ohe_col = ['sex' , 'embarked' , 'class' , 'who' ,'adult_male','embark_town','alone']\n",
    "\n",
    "df_ohe = pd.DataFrame(data = ohe.fit_transform(df[ohe_col]) , columns=ohe.get_feature_names_out())\n",
    "\n",
    "df = pd.concat([df , df_ohe] , axis = 1 ).drop(ohe_col , axis = 1)"
   ]
  },
  {
   "cell_type": "code",
   "execution_count": null,
   "id": "c8505973-a0da-4ac4-b405-badb38dc00f8",
   "metadata": {},
   "outputs": [],
   "source": []
  },
  {
   "cell_type": "code",
   "execution_count": 72,
   "id": "521ccdc9-fa92-4490-828b-6b73040cc2da",
   "metadata": {},
   "outputs": [],
   "source": [
    "x , y = df.drop(['survived'] , axis = 1 ) , df['survived']"
   ]
  },
  {
   "cell_type": "code",
   "execution_count": 107,
   "id": "98a51f16-f7c9-47b1-821f-7b508d361b14",
   "metadata": {},
   "outputs": [],
   "source": [
    "pca = PCA(n_components=0.99)\n",
    "# pca = PCA(n_components=2)"
   ]
  },
  {
   "cell_type": "code",
   "execution_count": 108,
   "id": "5b84fffa-2135-4666-a8e8-183ee6159637",
   "metadata": {},
   "outputs": [
    {
     "data": {
      "text/plain": [
       "array([[-25.03752335,  -6.67332761],\n",
       "       [ 39.42136507,   7.65221404],\n",
       "       [-24.25705095,  -2.68818702],\n",
       "       ...,\n",
       "       [ -8.67284292,  -1.15151207],\n",
       "       [ -2.17276213,  -3.20007708],\n",
       "       [-24.27982927,   3.33114589]])"
      ]
     },
     "execution_count": 108,
     "metadata": {},
     "output_type": "execute_result"
    }
   ],
   "source": [
    "pca.fit_transform(x)"
   ]
  },
  {
   "cell_type": "code",
   "execution_count": 78,
   "id": "fa001c41-7082-4324-aa73-3af67ed90227",
   "metadata": {},
   "outputs": [],
   "source": [
    "pca = PCA(n_components=2)"
   ]
  },
  {
   "cell_type": "code",
   "execution_count": 109,
   "id": "bfeebcdc-48a5-4968-9217-56259173ea82",
   "metadata": {},
   "outputs": [],
   "source": [
    "com_x = pd.DataFrame(pca.fit_transform(x) , columns=pca.get_feature_names_out())"
   ]
  },
  {
   "cell_type": "code",
   "execution_count": 89,
   "id": "433a6189-c43b-4834-8b32-e91ca0fe82ec",
   "metadata": {},
   "outputs": [
    {
     "data": {
      "text/html": [
       "<div>\n",
       "<style scoped>\n",
       "    .dataframe tbody tr th:only-of-type {\n",
       "        vertical-align: middle;\n",
       "    }\n",
       "\n",
       "    .dataframe tbody tr th {\n",
       "        vertical-align: top;\n",
       "    }\n",
       "\n",
       "    .dataframe thead th {\n",
       "        text-align: right;\n",
       "    }\n",
       "</style>\n",
       "<table border=\"1\" class=\"dataframe\">\n",
       "  <thead>\n",
       "    <tr style=\"text-align: right;\">\n",
       "      <th></th>\n",
       "      <th>pca0</th>\n",
       "      <th>pca1</th>\n",
       "    </tr>\n",
       "  </thead>\n",
       "  <tbody>\n",
       "    <tr>\n",
       "      <th>0</th>\n",
       "      <td>-25.037523</td>\n",
       "      <td>-6.673328</td>\n",
       "    </tr>\n",
       "    <tr>\n",
       "      <th>1</th>\n",
       "      <td>39.421365</td>\n",
       "      <td>7.652214</td>\n",
       "    </tr>\n",
       "    <tr>\n",
       "      <th>2</th>\n",
       "      <td>-24.257051</td>\n",
       "      <td>-2.688187</td>\n",
       "    </tr>\n",
       "    <tr>\n",
       "      <th>3</th>\n",
       "      <td>21.164025</td>\n",
       "      <td>5.133352</td>\n",
       "    </tr>\n",
       "    <tr>\n",
       "      <th>4</th>\n",
       "      <td>-23.902825</td>\n",
       "      <td>6.321568</td>\n",
       "    </tr>\n",
       "    <tr>\n",
       "      <th>...</th>\n",
       "      <td>...</td>\n",
       "      <td>...</td>\n",
       "    </tr>\n",
       "    <tr>\n",
       "      <th>884</th>\n",
       "      <td>-19.152493</td>\n",
       "      <td>-1.771444</td>\n",
       "    </tr>\n",
       "    <tr>\n",
       "      <th>885</th>\n",
       "      <td>-2.352484</td>\n",
       "      <td>-10.214630</td>\n",
       "    </tr>\n",
       "    <tr>\n",
       "      <th>886</th>\n",
       "      <td>-8.672843</td>\n",
       "      <td>-1.151512</td>\n",
       "    </tr>\n",
       "    <tr>\n",
       "      <th>887</th>\n",
       "      <td>-2.172762</td>\n",
       "      <td>-3.200077</td>\n",
       "    </tr>\n",
       "    <tr>\n",
       "      <th>888</th>\n",
       "      <td>-24.279829</td>\n",
       "      <td>3.331146</td>\n",
       "    </tr>\n",
       "  </tbody>\n",
       "</table>\n",
       "<p>889 rows × 2 columns</p>\n",
       "</div>"
      ],
      "text/plain": [
       "          pca0       pca1\n",
       "0   -25.037523  -6.673328\n",
       "1    39.421365   7.652214\n",
       "2   -24.257051  -2.688187\n",
       "3    21.164025   5.133352\n",
       "4   -23.902825   6.321568\n",
       "..         ...        ...\n",
       "884 -19.152493  -1.771444\n",
       "885  -2.352484 -10.214630\n",
       "886  -8.672843  -1.151512\n",
       "887  -2.172762  -3.200077\n",
       "888 -24.279829   3.331146\n",
       "\n",
       "[889 rows x 2 columns]"
      ]
     },
     "execution_count": 89,
     "metadata": {},
     "output_type": "execute_result"
    }
   ],
   "source": [
    "com_x"
   ]
  },
  {
   "cell_type": "code",
   "execution_count": 80,
   "id": "940f0b36-e96f-4344-b019-d0fbe03cb7d8",
   "metadata": {},
   "outputs": [
    {
     "data": {
      "text/plain": [
       "array(['pca0', 'pca1'], dtype=object)"
      ]
     },
     "execution_count": 80,
     "metadata": {},
     "output_type": "execute_result"
    }
   ],
   "source": [
    "pca.get_feature_names_out()"
   ]
  },
  {
   "cell_type": "code",
   "execution_count": 82,
   "id": "1df541ac-8a39-43d8-b8f0-ff99f6b9d3a6",
   "metadata": {},
   "outputs": [
    {
     "data": {
      "text/plain": [
       "{'copy': True,\n",
       " 'iterated_power': 'auto',\n",
       " 'n_components': 2,\n",
       " 'n_oversamples': 10,\n",
       " 'power_iteration_normalizer': 'auto',\n",
       " 'random_state': None,\n",
       " 'svd_solver': 'auto',\n",
       " 'tol': 0.0,\n",
       " 'whiten': False}"
      ]
     },
     "execution_count": 82,
     "metadata": {},
     "output_type": "execute_result"
    }
   ],
   "source": [
    "pca.get_params()"
   ]
  },
  {
   "cell_type": "code",
   "execution_count": 84,
   "id": "37d42209-1359-4829-b534-9e8b8120449a",
   "metadata": {},
   "outputs": [
    {
     "data": {
      "text/plain": [
       "array([[ 5.59387983e-01, -3.65427265e+00, -1.49199681e-02,\n",
       "        -4.27508295e-02, -2.27422430e+01,  2.73597734e-02,\n",
       "         1.63687200e-02,  3.28299114e-02,  1.89551823e-02,\n",
       "         1.23992392e-01,  8.32133252e-03, -4.75529833e-02,\n",
       "         8.32133252e-03,  1.63687200e-02,  3.28299114e-02,\n",
       "         3.82518100e-02],\n",
       "       [-3.65427265e+00,  1.68607366e+02, -3.35979516e+00,\n",
       "        -1.81132303e+00,  6.04711232e+01,  5.41071744e-01,\n",
       "        -1.12078129e-01, -5.27892181e-02,  9.55707338e-02,\n",
       "        -1.87492169e+00,  1.61522570e+00,  5.28609068e-01,\n",
       "         1.61522570e+00, -1.12078129e-01, -5.27892181e-02,\n",
       "         1.08665134e+00],\n",
       "       [-1.49199681e-02, -3.35979516e+00,  4.00665638e-01,\n",
       "         7.45972234e-02,  8.82943208e+00, -2.91164077e-02,\n",
       "        -4.28946305e-03, -1.37854821e-02, -1.17572512e-02,\n",
       "        -1.58135849e-03, -5.25636791e-02,  6.34475143e-03,\n",
       "        -5.25636791e-02, -4.28946305e-03, -1.37854821e-02,\n",
       "        -5.06559117e-02],\n",
       "       [-4.27508295e-02, -1.81132303e+00,  7.45972234e-02,\n",
       "         3.47849121e-01,  8.72461941e+00, -2.29321022e-02,\n",
       "        -4.89063053e-03, -1.32936271e-02, -1.02291943e-02,\n",
       "        -1.62608176e-02, -3.63651958e-02,  1.00948482e-02,\n",
       "        -3.63651958e-02, -4.89063053e-03, -1.32936271e-02,\n",
       "        -3.87508716e-02],\n",
       "       [-2.27422430e+01,  6.04711232e+01,  8.82943208e+00,\n",
       "         8.72461941e+00,  2.46984186e+03, -4.27269833e+00,\n",
       "        -1.63207370e+00, -3.63813044e+00, -2.36788260e+00,\n",
       "        -1.01871802e+01, -4.37595532e+00,  4.31083406e+00,\n",
       "        -4.37595532e+00, -1.63207370e+00, -3.63813044e+00,\n",
       "        -6.67388686e+00],\n",
       "       [ 2.73597734e-02,  5.41071744e-01, -2.91164077e-02,\n",
       "        -2.29321022e-02, -4.27269833e+00,  3.02339466e-01,\n",
       "         2.54463528e-03,  6.43500053e-03,  4.69109082e-03,\n",
       "         1.13343413e-02,  1.42371698e-02, -5.82107416e-03,\n",
       "         1.42371698e-02,  2.54463528e-03,  6.43500053e-03,\n",
       "         1.63849851e-02],\n",
       "       [ 1.63687200e-02, -1.12078129e-01, -4.28946305e-03,\n",
       "        -4.89063053e-03, -1.63207370e+00,  2.54463528e-03,\n",
       "         2.93557790e-01,  2.38867532e-03,  1.49851125e-03,\n",
       "         7.43510436e-03,  2.14748003e-03, -3.03180396e-03,\n",
       "         2.14748003e-03,  1.10977473e-03,  2.38867532e-03,\n",
       "         3.87028900e-03],\n",
       "       [ 3.28299114e-02, -5.27892181e-02, -1.37854821e-02,\n",
       "        -1.32936271e-02, -3.63813044e+00,  6.43500053e-03,\n",
       "         2.38867532e-03,  2.97815592e-01,  3.52176228e-03,\n",
       "         1.46540745e-02,  6.82136235e-03, -6.25866433e-03,\n",
       "         6.82136235e-03,  2.38867532e-03,  5.36757610e-03,\n",
       "         1.01039108e-02],\n",
       "       [ 1.89551823e-02,  9.55707338e-02, -1.17572512e-02,\n",
       "        -1.02291943e-02, -2.36788260e+00,  4.69109082e-03,\n",
       "         1.49851125e-03,  3.52176228e-03,  2.94859745e-01,\n",
       "         8.27172655e-03,  5.78106371e-03, -3.74399341e-03,\n",
       "         5.78106371e-03,  1.49851125e-03,  3.52176228e-03,\n",
       "         7.54968868e-03],\n",
       "       [ 1.23992392e-01, -1.87492169e+00, -1.58135849e-03,\n",
       "        -1.62608176e-02, -1.01871802e+01,  1.13343413e-02,\n",
       "         7.43510436e-03,  1.46540745e-02,  8.27172655e-03,\n",
       "         3.50308349e-01,  1.27013440e-03, -2.19044950e-02,\n",
       "         1.27013440e-03,  7.43510436e-03,  1.46540745e-02,\n",
       "         1.53510607e-02],\n",
       "       [ 8.32133252e-03,  1.61522570e+00, -5.25636791e-02,\n",
       "        -3.63651958e-02, -4.37595532e+00,  1.42371698e-02,\n",
       "         2.14748003e-03,  6.82136235e-03,  5.78106371e-03,\n",
       "         1.27013440e-03,  3.17983708e-01, -3.27111409e-03,\n",
       "         2.55356927e-02,  2.14748003e-03,  6.82136235e-03,\n",
       "         2.47315141e-02],\n",
       "       [-4.75529833e-02,  5.28609068e-01,  6.34475143e-03,\n",
       "         1.00948482e-02,  4.31083406e+00, -5.82107416e-03,\n",
       "        -3.03180396e-03, -6.25866433e-03, -3.74399341e-03,\n",
       "        -2.19044950e-02, -3.27111409e-03,  3.01045742e-01,\n",
       "        -3.27111409e-03, -3.03180396e-03, -6.25866433e-03,\n",
       "        -8.48002504e-03],\n",
       "       [ 8.32133252e-03,  1.61522570e+00, -5.25636791e-02,\n",
       "        -3.63651958e-02, -4.37595532e+00,  1.42371698e-02,\n",
       "         2.14748003e-03,  6.82136235e-03,  5.78106371e-03,\n",
       "         1.27013440e-03,  2.55356927e-02, -3.27111409e-03,\n",
       "         3.17983708e-01,  2.14748003e-03,  6.82136235e-03,\n",
       "         2.47315141e-02],\n",
       "       [ 1.63687200e-02, -1.12078129e-01, -4.28946305e-03,\n",
       "        -4.89063053e-03, -1.63207370e+00,  2.54463528e-03,\n",
       "         1.10977473e-03,  2.38867532e-03,  1.49851125e-03,\n",
       "         7.43510436e-03,  2.14748003e-03, -3.03180396e-03,\n",
       "         2.14748003e-03,  2.93557790e-01,  2.38867532e-03,\n",
       "         3.87028900e-03],\n",
       "       [ 3.28299114e-02, -5.27892181e-02, -1.37854821e-02,\n",
       "        -1.32936271e-02, -3.63813044e+00,  6.43500053e-03,\n",
       "         2.38867532e-03,  5.36757610e-03,  3.52176228e-03,\n",
       "         1.46540745e-02,  6.82136235e-03, -6.25866433e-03,\n",
       "         6.82136235e-03,  2.38867532e-03,  2.97815592e-01,\n",
       "         1.01039108e-02],\n",
       "       [ 3.82518100e-02,  1.08665134e+00, -5.06559117e-02,\n",
       "        -3.87508716e-02, -6.67388686e+00,  1.63849851e-02,\n",
       "         3.87028900e-03,  1.01039108e-02,  7.54968868e-03,\n",
       "         1.53510607e-02,  2.47315141e-02, -8.48002504e-03,\n",
       "         2.47315141e-02,  3.87028900e-03,  1.01039108e-02,\n",
       "         3.19850683e-01]])"
      ]
     },
     "execution_count": 84,
     "metadata": {},
     "output_type": "execute_result"
    }
   ],
   "source": [
    "pca.get_covariance()"
   ]
  },
  {
   "cell_type": "code",
   "execution_count": 90,
   "id": "edeacacd-82ec-4bec-ba52-61dfbfc4ddad",
   "metadata": {},
   "outputs": [
    {
     "data": {
      "text/html": [
       "<div>\n",
       "<style scoped>\n",
       "    .dataframe tbody tr th:only-of-type {\n",
       "        vertical-align: middle;\n",
       "    }\n",
       "\n",
       "    .dataframe tbody tr th {\n",
       "        vertical-align: top;\n",
       "    }\n",
       "\n",
       "    .dataframe thead th {\n",
       "        text-align: right;\n",
       "    }\n",
       "</style>\n",
       "<table border=\"1\" class=\"dataframe\">\n",
       "  <thead>\n",
       "    <tr style=\"text-align: right;\">\n",
       "      <th></th>\n",
       "      <th>0</th>\n",
       "      <th>1</th>\n",
       "      <th>2</th>\n",
       "      <th>3</th>\n",
       "      <th>4</th>\n",
       "      <th>5</th>\n",
       "      <th>6</th>\n",
       "      <th>7</th>\n",
       "      <th>8</th>\n",
       "      <th>9</th>\n",
       "      <th>10</th>\n",
       "      <th>11</th>\n",
       "      <th>12</th>\n",
       "      <th>13</th>\n",
       "      <th>14</th>\n",
       "      <th>15</th>\n",
       "    </tr>\n",
       "  </thead>\n",
       "  <tbody>\n",
       "    <tr>\n",
       "      <th>0</th>\n",
       "      <td>2.665121</td>\n",
       "      <td>21.991335</td>\n",
       "      <td>0.579270</td>\n",
       "      <td>0.376161</td>\n",
       "      <td>7.244975</td>\n",
       "      <td>0.666051</td>\n",
       "      <td>0.105941</td>\n",
       "      <td>0.759560</td>\n",
       "      <td>0.224622</td>\n",
       "      <td>0.720249</td>\n",
       "      <td>0.578758</td>\n",
       "      <td>0.242178</td>\n",
       "      <td>0.578758</td>\n",
       "      <td>0.105941</td>\n",
       "      <td>0.759560</td>\n",
       "      <td>0.618644</td>\n",
       "    </tr>\n",
       "    <tr>\n",
       "      <th>1</th>\n",
       "      <td>1.807241</td>\n",
       "      <td>37.994449</td>\n",
       "      <td>0.498891</td>\n",
       "      <td>0.427261</td>\n",
       "      <td>71.300462</td>\n",
       "      <td>0.611091</td>\n",
       "      <td>0.057369</td>\n",
       "      <td>0.668334</td>\n",
       "      <td>0.176489</td>\n",
       "      <td>0.315376</td>\n",
       "      <td>0.614275</td>\n",
       "      <td>0.390595</td>\n",
       "      <td>0.614275</td>\n",
       "      <td>0.057369</td>\n",
       "      <td>0.668334</td>\n",
       "      <td>0.553693</td>\n",
       "    </tr>\n",
       "    <tr>\n",
       "      <th>2</th>\n",
       "      <td>2.584915</td>\n",
       "      <td>25.992925</td>\n",
       "      <td>0.496268</td>\n",
       "      <td>0.330179</td>\n",
       "      <td>7.920449</td>\n",
       "      <td>0.680306</td>\n",
